145
137
179
124
177
184
106
162
124
116
174
193
173
123
183
134
112
138
1000296
1000485
156
107
194
129
198
126
163
106
1000398
1000273
158
115
107
196
198
137
116
172
118
149
177
162
131
129
122
190
115
131
162
198
1000198
1000484
156
190
191
192
186
191
105
136
134
157
164
197
194
167
187
136
111
195
120
117
189
170
195
146
120
148
171
199
157
100
1000457
1000429
139
156
192
132
107
128
106
154
143
109
189
138
113
104
147
136
199
198
1000196
1000139
104
183
122
136
104
183
135
192
195
136
174
142
162
113
178
131
102
132
153
171
127
138
160
115
125
161
128
171
180
158
170
158
126
190
185
120
172
107
152
144
117
141
100
133
170
127
120
126
182
185
196
181
135
100
146
112
158
132
196
124
107
138
169
148
172
128
168
136
167
134
1000165
1000480
199
127
148
177
181
104
107
119
136
150
110
143
136
116
151
188
147
199
150
163
168
160
125
100
156
192
